country,year,avg_prod,education_score
Austria,2005,71.387975,24.639351
Austria,2006,73.28590799999999,25.356432
Austria,2007,75.1249715,25.092672
Austria,2008,75.1283535,26.191858
Austria,2009,74.601296,26.895824
Austria,2010,75.72981,27.743721
Austria,2011,76.481241,27.956152
Austria,2012,77.3127495,28.739943
Austria,2013,77.810086,29.738844
Austria,2014,78.08925500000001,29.904896
Austria,2015,79.305718,30.550726
Belgium,2005,78.886369,31.045088
Belgium,2006,79.620315,31.754845
Belgium,2007,80.802701,32.094864
Belgium,2008,80.330926,32.310043
Belgium,2009,79.7624145,33.397053
Belgium,2010,81.5487075,34.989502
Belgium,2011,81.1698095,34.612984
Belgium,2012,80.9938985,35.316551
Belgium,2013,81.5219115,35.535332
Belgium,2014,82.3345085,36.855022
Belgium,2015,83.4440245,36.857422
Czech Republic,2005,59.4565705,13.058269
Czech Republic,2006,63.3075795,13.522043
Czech Republic,2007,66.0304875,13.732669
Czech Republic,2008,66.16429600000001,14.498895
Czech Republic,2009,64.53361,15.544437
Czech Republic,2010,65.9221935,16.764982
Czech Republic,2011,67.049628,18.243177
Czech Republic,2012,67.335255,19.277992
Czech Republic,2013,67.2915275,20.45986
Czech Republic,2014,68.207921,21.51013
Czech Republic,2015,71.64794599999999,22.186741
Denmark,2005,77.786228500000007,33.544121
Denmark,2006,78.8113655,34.719662
Denmark,2007,78.9567185,30.903458
Denmark,2008,77.781266,31.414381
Denmark,2009,77.0643465,32.449905
Denmark,2010,80.0803045,33.262753
Denmark,2011,80.3575855,33.702026
Denmark,2012,81.893416,34.782349
Denmark,2013,82.5373795,35.42934
Denmark,2014,83.8448545,35.800922
Denmark,2015,85.04215450000001,37.095581
Estonia,2005,54.5561625,34.629433
Estonia,2006,57.570773,35.141739
Estonia,2007,61.993413499999996,36.357056
Estonia,2008,59.66948549999999,36.583557
Estonia,2009,60.858401,37.268574
Estonia,2010,63.982887,38.146343
Estonia,2011,63.1248735,39.318207
Estonia,2012,65.929793,39.661289
Estonia,2013,67.0848625,40.545231
Estonia,2014,68.7344315,41.776676
Estonia,2015,68.37144,42.742619
Finland,2005,72.992182,25.425774
Finland,2006,74.7750595,26.183411
Finland,2007,77.0753965,26.646099
Finland,2008,76.255154,27.233906
Finland,2009,72.704927,28.588057
Finland,2010,75.077539,29.006897
Finland,2011,76.280272,29.767
Finland,2012,75.088229,30.856123
Finland,2013,75.54001500000001,32.105263
Finland,2014,75.575044,33.539047
Finland,2015,75.73989399999999,34.085361
France,2005,76.989357,24.552816
France,2006,78.9061225,23.947578
France,2007,78.536314,24.299988
France,2008,78.0352455,25.400061
France,2009,77.237099,26.385326
France,2010,78.23692249999999,26.609148
France,2011,79.0203095,27.562323
France,2012,79.27848900000001,28.121572
France,2013,80.352124,28.47327
France,2014,81.1252725,27.057884
France,2015,81.7834435,27.638235
Germany,2005,75.45968,21.472097
Germany,2006,76.9117425,22.428827
Germany,2007,78.0782355,22.893152
Germany,2008,78.2246225,23.535585
Germany,2009,76.2191115,23.656685
Germany,2010,78.1043545,24.744848
Germany,2011,79.71027000000001,26.112072
Germany,2012,80.20493,26.719267
Germany,2013,80.8310025,27.423178
Germany,2014,81.6584055,28.105659
Germany,2015,82.134938,29.057495
Greece,2005,64.6895955,17.083904
Greece,2006,67.4702705,17.699047
Greece,2007,69.2202905,18.048761
Greece,2008,68.270532,19.197906
Greece,2009,66.4953525,19.86219
Greece,2010,66.470928,20.121918
Greece,2011,64.284828,21.124001
Greece,2012,63.059928,22.046715
Greece,2013,62.5397625,22.505821
Greece,2014,63.606874,23.356073
Greece,2015,62.5558075,24.242552
Hungary,2005,56.1341675,29.074234
Hungary,2006,58.1455605,31.095585
Hungary,2007,58.453863500000004,32.39011
Hungary,2008,60.038633,33.902611
Hungary,2009,58.056130499999995,35.822323
Hungary,2010,65.2658235,37.584061
Hungary,2011,66.611829,38.162312
Hungary,2012,66.16415599999999,39.69788
Hungary,2013,67.0223305,41.47068
Hungary,2014,66.361393,40.967049
Hungary,2015,67.202733,42.806118
Ireland,2005,67.34248500000001,12.224514
Ireland,2006,68.079858,12.872448
Ireland,2007,69.1370005,13.578119
Ireland,2008,67.599099,14.357011
Ireland,2009,71.195747,14.510798
Ireland,2010,81.0459015,14.802574
Ireland,2011,84.645457,14.935372
Ireland,2012,84.78637499999999,15.708264
Ireland,2013,83.517008,16.289694
Ireland,2014,87.5626695,16.910578
Ireland,2015,105.65115850000001,17.546457
Italy,2005,74.095377,26.549366
Italy,2006,74.10092499999999,23.993208
Italy,2007,74.0407455,26.512686
Italy,2008,73.555987,27.653927
Italy,2009,71.9545745,34.795971
Italy,2010,73.5734065,35.475895
Italy,2011,73.935411,37.034779
Italy,2012,73.7015205,39.110382
Italy,2013,74.3730465,40.673241
Italy,2014,74.509515,45.935593
Italy,2015,74.674109,39.794865
Latvia,2005,55.502397,30.11544
Latvia,2006,58.6798515,30.189871
Latvia,2007,63.110265,30.803967
Latvia,2008,57.5874175,32.167362
Latvia,2009,59.0239925,32.785397
Latvia,2010,61.281605,32.389164
Latvia,2011,63.672723500000004,32.041344
Latvia,2012,65.8898845,34.398335
Latvia,2013,66.195661,33.869305
Latvia,2014,67.970397,34.419815
Latvia,2015,70.349535,35.330765
Lithuania,2005,52.496658000000004,32.692787
Lithuania,2006,56.70606,32.926327
Lithuania,2007,60.776059,34.198307
Lithuania,2008,62.2318815,36.004189
Lithuania,2009,59.602372,36.698498
Lithuania,2010,63.243814,37.284328
Lithuania,2011,67.6607985,38.053513
Lithuania,2012,69.085541,38.561893
Lithuania,2013,71.177168,39.770252
Lithuania,2014,72.549708,41.757915
Lithuania,2015,72.0568725,42.706734
Luxembourg,2005,90.996432,16.926928
Luxembourg,2006,92.0320815,17.891872
Luxembourg,2007,94.65949,18.688519
Luxembourg,2008,89.15552199999999,19.565832
Luxembourg,2009,87.19587899999999,21.150869
Luxembourg,2010,89.79853700000001,22.468407
Luxembourg,2011,89.5262415,23.283596
Luxembourg,2012,87.500982,24.512804
Luxembourg,2013,89.391033,25.755669
Luxembourg,2014,90.6957465,26.995474
Luxembourg,2015,91.420815,27.747267
Netherlands,2005,78.300103000000007,12.844431
Netherlands,2006,79.5089725,13.480192
Netherlands,2007,80.16185349999999,13.692096
Netherlands,2008,80.25019449999999,14.300379
Netherlands,2009,78.3579995,14.66682
Netherlands,2010,80.023455,15.445285
Netherlands,2011,80.625447,17.25703
Netherlands,2012,80.483734,18.534111
Netherlands,2013,81.0464805,19.307142
Netherlands,2014,81.6436185,21.7169
Netherlands,2015,82.68997999999999,22.857506
Norway,2005,92.61835149999999,14.004099
Norway,2006,91.8841075,14.567307
Norway,2007,90.2807235,14.438412
Norway,2008,87.6065885,14.763523
Norway,2009,87.851867,15.762831
Norway,2010,88.339837,17.327984
Norway,2011,87.6568585,18.617317
Norway,2012,88.3281255,18.979084
Norway,2013,88.949014,19.87734
Norway,2014,89.47319200000001,20.379578
Norway,2015,90.724085,21.149881
Poland,2005,53.540253,28.518797
Poland,2006,55.0566505,28.809401
Poland,2007,56.475096,29.27644
Poland,2008,56.93912950000001,29.519304
Poland,2009,58.774741,29.989544
Poland,2010,62.7138815,31.016668
Poland,2011,65.6563785,31.91456
Poland,2012,66.8061885,32.649994
Poland,2013,67.906121,33.734821
Poland,2014,68.7459655,34.678776
Poland,2015,70.052961,35.081161
Portugal,2005,61.394247,29.645443
Portugal,2006,62.494063999999995,30.520433
Portugal,2007,63.469249000000005,31.328465
Portugal,2008,63.8031745,32.02702
Portugal,2009,63.630356500000005,33.060085
Portugal,2010,65.6823665,33.868935
Portugal,2011,66.5759725,35.174355
Portugal,2012,67.2491995,35.698952
Portugal,2013,68.07927649999999,37.034386
Portugal,2014,67.44957550000001,38.700306
Portugal,2015,67.4457495,39.786552
Slovakia,2005,56.45393,28.763943
Slovakia,2006,59.809647999999996,29.851349
Slovakia,2007,64.3048825,31.327906
Slovakia,2008,65.7249475,33.652287
Slovakia,2009,63.865480500000004,35.020153
Slovakia,2010,67.179923,33.881504
Slovakia,2011,68.32929349999999,34.000179
Slovakia,2012,69.58047450000001,35.291126
Slovakia,2013,71.871231,37.407192
Slovakia,2014,73.318162,38.428497
Slovakia,2015,75.1344115,39.782719
Slovenia,2005,63.5790145,29.709032
Slovenia,2006,67.2889455,34.191841
Slovenia,2007,70.151517,35.536041
Slovenia,2008,69.8652175,35.216167
Slovenia,2009,65.3926555,36.984959
Slovenia,2010,67.5773875,38.187191
Slovenia,2011,69.8784015,39.412373
Slovenia,2012,69.4253535,40.977753
Slovenia,2013,68.676187,41.891979
Slovenia,2014,69.65196800000001,42.217449
Slovenia,2015,70.10502650000001,44.197987
Spain,2005,67.3269725,33.025089
Spain,2006,67.719239,33.118874
Spain,2007,68.5267705,33.146008
Spain,2008,68.799215,34.176804
Spain,2009,70.48617,36.065544
Spain,2010,72.1318985,35.423084
Spain,2011,73.161742,36.889767
Spain,2012,74.62334849999999,37.605877
Spain,2013,75.6653225,37.345535
Spain,2014,75.9085485,37.499954
Spain,2015,76.2836495,38.030697
Sweden,2005,74.5437675,20.293005
Sweden,2006,77.0312335,20.919746
Sweden,2007,77.26313999999999,22.18199
Sweden,2008,75.8932145,24.822483
Sweden,2009,74.086568,25.846195
Sweden,2010,76.5466935,26.946114
Sweden,2011,77.074052,27.69327
Sweden,2012,76.949255,29.227177
Sweden,2013,77.6249855,31.011995
Sweden,2014,78.507465,30.230137
Sweden,2015,80.77954299999999,31.591949
Switzerland,2005,74.550551,20.171976
Switzerland,2006,76.35650100000001,21.387041
Switzerland,2007,77.976836,22.227602
Switzerland,2008,78.2359995,22.637665
Switzerland,2009,76.5409925,23.315817
Switzerland,2010,78.53341,23.716619
Switzerland,2011,78.1199025,25.09059
Switzerland,2012,78.327815,26.439035
Switzerland,2013,79.7958355,27.880541
Switzerland,2014,80.6310475,28.600916
Switzerland,2015,79.77274249999999,30.173296
United Kingdom,2005,71.326201,26.547928
United Kingdom,2006,72.6669225,26.751383
United Kingdom,2007,73.818563,28.931429
United Kingdom,2008,73.9047145,30.408518
United Kingdom,2009,72.1621245,30.958277
United Kingdom,2010,73.72166250000001,32.440029
United Kingdom,2011,73.9547585,33.489258
United Kingdom,2012,73.565598,34.05378
United Kingdom,2013,73.7507345,35.19833
United Kingdom,2014,73.8729695,36.668087
United Kingdom,2015,75.10903400000001,38.724106
